date,deaths,injuries,severe,reported,death_0_1_month,death_2_month_2_years,death_3_11_years,death_12_17_years,death_18_64_years,death_65_85_years,death_more_than_85_years,death_years_not_specified,total_deaths,total_reported,total_injuries,total_severe,total_death_0_1_month,total_death_2_month_2_years,total_death_3_11_years,total_death_12_17_years,total_death_18_64_years,total_death_65_85_years,total_death_more_than_85_years,total_death_years_not_specified
2021-01-01,0,4,0,1,0,0,0,0,0,0,0,0,0,1,4,0,0,0,0,0,0,0,0,0
2021-01-03,0,5,0,1,0,0,0,0,0,0,0,0,0,2,9,0,0,0,0,0,0,0,0,0
2021-01-04,0,7,0,2,0,0,0,0,0,0,0,0,0,4,16,0,0,0,0,0,0,0,0,0
2021-01-05,0,8,0,2,0,0,0,0,0,0,0,0,0,6,24,0,0,0,0,0,0,0,0,0
2021-01-06,0,9,0,3,0,0,0,0,0,0,0,0,0,9,33,0,0,0,0,0,0,0,0,0
2021-01-07,0,19,0,4,0,0,0,0,0,0,0,0,0,13,52,0,0,0,0,0,0,0,0,0
2021-01-08,0,10,0,3,0,0,0,0,0,0,0,0,0,16,62,0,0,0,0,0,0,0,0,0
2021-01-10,0,3,0,1,0,0,0,0,0,0,0,0,0,17,65,0,0,0,0,0,0,0,0,0
2021-01-11,0,8,0,2,0,0,0,0,0,0,0,0,0,19,73,0,0,0,0,0,0,0,0,0
2021-01-12,0,14,0,4,0,0,0,0,0,0,0,0,0,23,87,0,0,0,0,0,0,0,0,0
2021-01-13,0,5,0,1,0,0,0,0,0,0,0,0,0,24,92,0,0,0,0,0,0,0,0,0
2021-01-14,0,5,0,1,0,0,0,0,0,0,0,0,0,25,97,0,0,0,0,0,0,0,0,0
2021-01-16,0,7,0,3,0,0,0,0,0,0,0,0,0,28,104,0,0,0,0,0,0,0,0,0
2021-01-17,0,8,0,2,0,0,0,0,0,0,0,0,0,30,112,0,0,0,0,0,0,0,0,0
2021-01-18,0,8,0,2,0,0,0,0,0,0,0,0,0,32,120,0,0,0,0,0,0,0,0,0
2021-01-19,1,11,0,3,0,0,0,0,0,1,0,0,1,35,131,0,0,0,0,0,0,1,0,0
2021-01-21,0,6,0,2,0,0,0,0,0,0,0,0,1,37,137,0,0,0,0,0,0,1,0,0
2021-01-22,0,12,0,3,0,0,0,0,0,0,0,0,1,40,149,0,0,0,0,0,0,1,0,0
2021-01-24,0,10,0,2,0,0,0,0,0,0,0,0,1,42,159,0,0,0,0,0,0,1,0,0
2021-01-25,0,40,0,8,0,0,0,0,0,0,0,0,1,50,199,0,0,0,0,0,0,1,0,0
2021-01-26,1,15,0,3,0,0,0,0,0,1,0,0,2,53,214,0,0,0,0,0,0,2,0,0
2021-01-27,0,10,0,2,0,0,0,0,0,0,0,0,2,55,224,0,0,0,0,0,0,2,0,0
2021-01-28,0,3,0,1,0,0,0,0,0,0,0,0,2,56,227,0,0,0,0,0,0,2,0,0
2021-01-29,0,7,0,3,0,0,0,0,0,0,0,0,2,59,234,0,0,0,0,0,0,2,0,0
2021-01-30,0,11,0,3,0,0,0,0,0,0,0,0,2,62,245,0,0,0,0,0,0,2,0,0
2021-01-31,0,5,0,1,0,0,0,0,0,0,0,0,2,63,250,0,0,0,0,0,0,2,0,0
2021-02-01,0,13,0,3,0,0,0,0,0,0,0,0,2,66,263,0,0,0,0,0,0,2,0,0
2021-02-02,0,10,0,2,0,0,0,0,0,0,0,0,2,68,273,0,0,0,0,0,0,2,0,0
2021-02-03,0,10,0,2,0,0,0,0,0,0,0,0,2,70,283,0,0,0,0,0,0,2,0,0
2021-02-04,1,15,0,3,0,0,0,0,1,0,0,0,3,73,298,0,0,0,0,0,1,2,0,0
2021-02-05,0,15,0,3,0,0,0,0,0,0,0,0,3,76,313,0,0,0,0,0,1,2,0,0
2021-02-06,1,15,0,3,0,0,0,0,0,1,0,0,4,79,328,0,0,0,0,0,1,3,0,0
2021-02-07,0,10,0,2,0,0,0,0,0,0,0,0,4,81,338,0,0,0,0,0,1,3,0,0
2021-02-08,0,20,0,4,0,0,0,0,0,0,0,0,4,85,358,0,0,0,0,0,1,3,0,0
2021-02-09,0,20,0,4,0,0,0,0,0,0,0,0,4,89,378,0,0,0,0,0,1,3,0,0
2021-02-10,0,1,0,1,0,0,0,0,0,0,0,0,4,90,379,0,0,0,0,0,1,3,0,0
2021-02-11,0,24,0,5,0,0,0,0,0,0,0,0,4,95,403,0,0,0,0,0,1,3,0,0
2021-02-12,0,10,0,2,0,0,0,0,0,0,0,0,4,97,413,0,0,0,0,0,1,3,0,0
2021-02-14,0,10,0,2,0,0,0,0,0,0,0,0,4,99,423,0,0,0,0,0,1,3,0,0
2021-02-16,0,5,0,1,0,0,0,0,0,0,0,0,4,100,428,0,0,0,0,0,1,3,0,0
2021-02-17,2,10,0,2,0,0,0,0,0,1,1,0,6,102,438,0,0,0,0,0,1,4,1,0
2021-02-18,0,5,0,1,0,0,0,0,0,0,0,0,6,103,443,0,0,0,0,0,1,4,1,0
2021-02-20,0,5,0,1,0,0,0,0,0,0,0,0,6,104,448,0,0,0,0,0,1,4,1,0
2021-02-22,0,10,0,2,0,0,0,0,0,0,0,0,6,106,458,0,0,0,0,0,1,4,1,0
2021-02-23,0,5,0,1,0,0,0,0,0,0,0,0,6,107,463,0,0,0,0,0,1,4,1,0
2021-02-24,0,5,0,1,0,0,0,0,0,0,0,0,6,108,468,0,0,0,0,0,1,4,1,0
2021-02-25,0,5,0,1,0,0,0,0,0,0,0,0,6,109,473,0,0,0,0,0,1,4,1,0
2021-02-26,1,15,0,3,0,0,0,0,0,0,1,0,7,112,488,0,0,0,0,0,1,4,2,0
2021-02-27,0,5,0,1,0,0,0,0,0,0,0,0,7,113,493,0,0,0,0,0,1,4,2,0
2021-02-28,0,5,0,1,0,0,0,0,0,0,0,0,7,114,498,0,0,0,0,0,1,4,2,0
2021-03-01,0,10,0,2,0,0,0,0,0,0,0,0,7,116,508,0,0,0,0,0,1,4,2,0
2021-03-02,1,10,0,2,0,0,0,0,0,0,0,1,8,118,518,0,0,0,0,0,1,4,2,1
2021-03-03,0,10,0,2,0,0,0,0,0,0,0,0,8,120,528,0,0,0,0,0,1,4,2,1
2021-03-04,1,5,0,1,0,0,0,0,1,0,0,0,9,121,533,0,0,0,0,0,2,4,2,1
2021-03-05,0,10,0,2,0,0,0,0,0,0,0,0,9,123,543,0,0,0,0,0,2,4,2,1
2021-03-07,0,20,0,4,0,0,0,0,0,0,0,0,9,127,563,0,0,0,0,0,2,4,2,1
2021-03-08,1,15,0,3,0,0,0,0,0,1,0,0,10,130,578,0,0,0,0,0,2,5,2,1
2021-03-09,0,75,0,15,0,0,0,0,0,0,0,0,10,145,653,0,0,0,0,0,2,5,2,1
2021-03-10,0,80,0,16,0,0,0,0,0,0,0,0,10,161,733,0,0,0,0,0,2,5,2,1
2021-03-11,1,35,0,7,0,0,0,0,0,0,1,0,11,168,768,0,0,0,0,0,2,5,3,1
2021-03-12,0,45,0,9,0,0,0,0,0,0,0,0,11,177,813,0,0,0,0,0,2,5,3,1
2021-03-13,0,25,0,5,0,0,0,0,0,0,0,0,11,182,838,0,0,0,0,0,2,5,3,1
2021-03-14,0,30,0,6,0,0,0,0,0,0,0,0,11,188,868,0,0,0,0,0,2,5,3,1
2021-03-15,1,75,0,15,0,0,0,0,1,0,0,0,12,203,943,0,0,0,0,0,3,5,3,1
2021-03-16,1,35,0,7,0,0,0,0,0,0,0,1,13,210,978,0,0,0,0,0,3,5,3,2
2021-03-17,0,15,0,3,0,0,0,0,0,0,0,0,13,213,993,0,0,0,0,0,3,5,3,2
2021-03-18,0,25,0,5,0,0,0,0,0,0,0,0,13,218,1018,0,0,0,0,0,3,5,3,2
2021-03-19,0,15,0,3,0,0,0,0,0,0,0,0,13,221,1033,0,0,0,0,0,3,5,3,2
2021-03-20,0,10,0,2,0,0,0,0,0,0,0,0,13,223,1043,0,0,0,0,0,3,5,3,2
2021-03-21,0,10,0,2,0,0,0,0,0,0,0,0,13,225,1053,0,0,0,0,0,3,5,3,2
2021-03-22,0,25,0,5,0,0,0,0,0,0,0,0,13,230,1078,0,0,0,0,0,3,5,3,2
2021-03-23,0,40,0,8,0,0,0,0,0,0,0,0,13,238,1118,0,0,0,0,0,3,5,3,2
2021-03-24,0,20,0,4,0,0,0,0,0,0,0,0,13,242,1138,0,0,0,0,0,3,5,3,2
2021-03-25,1,35,0,7,0,0,0,0,0,1,0,0,14,249,1173,0,0,0,0,0,3,6,3,2
2021-03-26,1,35,0,7,0,0,0,0,1,0,0,0,15,256,1208,0,0,0,0,0,4,6,3,2
2021-03-27,0,15,0,3,0,0,0,0,0,0,0,0,15,259,1223,0,0,0,0,0,4,6,3,2
2021-03-28,0,10,0,2,0,0,0,0,0,0,0,0,15,261,1233,0,0,0,0,0,4,6,3,2
2021-03-29,0,40,0,8,0,0,0,0,0,0,0,0,15,269,1273,0,0,0,0,0,4,6,3,2
2021-03-30,0,25,0,5,0,0,0,0,0,0,0,0,15,274,1298,0,0,0,0,0,4,6,3,2
2021-03-31,0,15,0,3,0,0,0,0,0,0,0,0,15,277,1313,0,0,0,0,0,4,6,3,2
2021-04-01,0,30,0,6,0,0,0,0,0,0,0,0,15,283,1343,0,0,0,0,0,4,6,3,2
2021-04-02,0,60,0,12,0,0,0,0,0,0,0,0,15,295,1403,0,0,0,0,0,4,6,3,2
2021-04-03,0,20,0,4,0,0,0,0,0,0,0,0,15,299,1423,0,0,0,0,0,4,6,3,2
2021-04-04,0,20,0,4,0,0,0,0,0,0,0,0,15,303,1443,0,0,0,0,0,4,6,3,2
2021-04-05,0,35,0,7,0,0,0,0,0,0,0,0,15,310,1478,0,0,0,0,0,4,6,3,2
2021-04-06,0,20,0,4,0,0,0,0,0,0,0,0,15,314,1498,0,0,0,0,0,4,6,3,2
2021-04-07,1,90,0,18,0,0,0,0,1,0,0,0,16,332,1588,0,0,0,0,0,5,6,3,2
2021-04-08,1,60,0,12,0,0,0,0,0,1,0,0,17,344,1648,0,0,0,0,0,5,7,3,2
2021-04-09,0,60,0,12,0,0,0,0,0,0,0,0,17,356,1708,0,0,0,0,0,5,7,3,2
2021-04-10,0,85,0,17,0,0,0,0,0,0,0,0,17,373,1793,0,0,0,0,0,5,7,3,2
2021-04-11,0,40,0,8,0,0,0,0,0,0,0,0,17,381,1833,0,0,0,0,0,5,7,3,2
2021-04-12,0,40,0,8,0,0,0,0,0,0,0,0,17,389,1873,0,0,0,0,0,5,7,3,2
2021-04-13,0,110,0,22,0,0,0,0,0,0,0,0,17,411,1983,0,0,0,0,0,5,7,3,2
2021-04-14,0,110,0,22,0,0,0,0,0,0,0,0,17,433,2093,0,0,0,0,0,5,7,3,2
2021-04-15,0,65,0,13,0,0,0,0,0,0,0,0,17,446,2158,0,0,0,0,0,5,7,3,2
2021-04-16,0,150,0,30,0,0,0,0,0,0,0,0,17,476,2308,0,0,0,0,0,5,7,3,2
2021-04-17,0,40,0,8,0,0,0,0,0,0,0,0,17,484,2348,0,0,0,0,0,5,7,3,2
2021-04-18,0,60,0,12,0,0,0,0,0,0,0,0,17,496,2408,0,0,0,0,0,5,7,3,2
2021-04-19,0,70,0,14,0,0,0,0,0,0,0,0,17,510,2478,0,0,0,0,0,5,7,3,2
2021-04-20,0,80,0,16,0,0,0,0,0,0,0,0,17,526,2558,0,0,0,0,0,5,7,3,2
2021-04-21,0,5,0,1,0,0,0,0,0,0,0,0,17,527,2563,0,0,0,0,0,5,7,3,2
2021-04-22,2,200,0,40,0,0,0,0,0,2,0,0,19,567,2763,0,0,0,0,0,5,9,3,2
2021-04-23,1,90,0,18,0,0,0,0,0,1,0,0,20,585,2853,0,0,0,0,0,5,10,3,2
2021-04-24,0,260,0,52,0,0,0,0,0,0,0,0,20,637,3113,0,0,0,0,0,5,10,3,2
2021-04-25,0,5,0,1,0,0,0,0,0,0,0,0,20,638,3118,0,0,0,0,0,5,10,3,2
2021-04-26,0,20,0,4,0,0,0,0,0,0,0,0,20,642,3138,0,0,0,0,0,5,10,3,2
2021-04-27,0,45,0,9,0,0,0,0,0,0,0,0,20,651,3183,0,0,0,0,0,5,10,3,2
2021-04-28,0,30,0,6,0,0,0,0,0,0,0,0,20,657,3213,0,0,0,0,0,5,10,3,2
2021-04-30,0,5,0,1,0,0,0,0,0,0,0,0,20,658,3218,0,0,0,0,0,5,10,3,2
2021-05-01,0,35,0,7,0,0,0,0,0,0,0,0,20,665,3253,0,0,0,0,0,5,10,3,2
2021-05-02,0,10,0,2,0,0,0,0,0,0,0,0,20,667,3263,0,0,0,0,0,5,10,3,2
2021-05-03,0,25,0,5,0,0,0,0,0,0,0,0,20,672,3288,0,0,0,0,0,5,10,3,2
2021-05-04,1,25,0,5,0,0,0,0,1,0,0,0,21,677,3313,0,0,0,0,0,6,10,3,2
2021-05-05,0,45,0,9,0,0,0,0,0,0,0,0,21,686,3358,0,0,0,0,0,6,10,3,2
2021-05-06,0,25,0,5,0,0,0,0,0,0,0,0,21,691,3383,0,0,0,0,0,6,10,3,2
2021-05-07,0,10,0,2,0,0,0,0,0,0,0,0,21,693,3393,0,0,0,0,0,6,10,3,2
2021-05-08,1,20,0,4,0,0,0,0,0,1,0,0,22,697,3413,0,0,0,0,0,6,11,3,2
2021-05-09,0,10,0,2,0,0,0,0,0,0,0,0,22,699,3423,0,0,0,0,0,6,11,3,2
2021-05-10,0,95,0,19,0,0,0,0,0,0,0,0,22,718,3518,0,0,0,0,0,6,11,3,2
2021-05-11,0,5,0,1,0,0,0,0,0,0,0,0,22,719,3523,0,0,0,0,0,6,11,3,2
2021-05-14,0,20,0,4,0,0,0,0,0,0,0,0,22,723,3543,0,0,0,0,0,6,11,3,2
2021-05-15,0,15,0,3,0,0,0,0,0,0,0,0,22,726,3558,0,0,0,0,0,6,11,3,2
2021-05-17,0,20,0,4,0,0,0,0,0,0,0,0,22,730,3578,0,0,0,0,0,6,11,3,2
2021-05-18,0,10,0,2,0,0,0,0,0,0,0,0,22,732,3588,0,0,0,0,0,6,11,3,2
2021-05-19,0,20,0,4,0,0,0,0,0,0,0,0,22,736,3608,0,0,0,0,0,6,11,3,2
2021-05-20,0,30,0,6,0,0,0,0,0,0,0,0,22,742,3638,0,0,0,0,0,6,11,3,2
2021-05-21,0,15,0,3,0,0,0,0,0,0,0,0,22,745,3653,0,0,0,0,0,6,11,3,2
2021-05-22,0,5,0,1,0,0,0,0,0,0,0,0,22,746,3658,0,0,0,0,0,6,11,3,2
2021-05-24,0,35,0,7,0,0,0,0,0,0,0,0,22,753,3693,0,0,0,0,0,6,11,3,2
2021-05-28,0,10,0,2,0,0,0,0,0,0,0,0,22,755,3703,0,0,0,0,0,6,11,3,2
2021-05-29,0,20,0,4,0,0,0,0,0,0,0,0,22,759,3723,0,0,0,0,0,6,11,3,2
2021-05-30,0,20,0,4,0,0,0,0,0,0,0,0,22,763,3743,0,0,0,0,0,6,11,3,2
2021-05-31,0,15,0,3,0,0,0,0,0,0,0,0,22,766,3758,0,0,0,0,0,6,11,3,2
2021-06-01,0,25,0,5,0,0,0,0,0,0,0,0,22,771,3783,0,0,0,0,0,6,11,3,2
2021-06-03,0,10,0,2,0,0,0,0,0,0,0,0,22,773,3793,0,0,0,0,0,6,11,3,2
2021-06-04,0,35,0,7,0,0,0,0,0,0,0,0,22,780,3828,0,0,0,0,0,6,11,3,2
2021-06-07,0,15,0,3,0,0,0,0,0,0,0,0,22,783,3843,0,0,0,0,0,6,11,3,2
2021-06-08,1,15,0,3,0,0,0,0,1,0,0,0,23,786,3858,0,0,0,0,0,7,11,3,2
2021-06-09,0,40,0,8,0,0,0,0,0,0,0,0,23,794,3898,0,0,0,0,0,7,11,3,2
2021-06-18,0,5,0,1,0,0,0,0,0,0,0,0,23,795,3903,0,0,0,0,0,7,11,3,2
2021-06-19,0,10,0,2,0,0,0,0,0,0,0,0,23,797,3913,0,0,0,0,0,7,11,3,2
2021-06-20,0,5,0,1,0,0,0,0,0,0,0,0,23,798,3918,0,0,0,0,0,7,11,3,2
2021-06-21,0,20,0,4,0,0,0,0,0,0,0,0,23,802,3938,0,0,0,0,0,7,11,3,2
2021-06-22,0,10,0,2,0,0,0,0,0,0,0,0,23,804,3948,0,0,0,0,0,7,11,3,2
2021-06-23,0,20,0,4,0,0,0,0,0,0,0,0,23,808,3968,0,0,0,0,0,7,11,3,2
2021-06-25,0,5,0,1,0,0,0,0,0,0,0,0,23,809,3973,0,0,0,0,0,7,11,3,2
2021-06-26,0,5,0,1,0,0,0,0,0,0,0,0,23,810,3978,0,0,0,0,0,7,11,3,2
2021-06-27,0,5,0,1,0,0,0,0,0,0,0,0,23,811,3983,0,0,0,0,0,7,11,3,2
2021-06-28,0,25,0,5,0,0,0,0,0,0,0,0,23,816,4008,0,0,0,0,0,7,11,3,2
2021-06-29,0,5,0,1,0,0,0,0,0,0,0,0,23,817,4013,0,0,0,0,0,7,11,3,2
2021-07-13,0,5,0,1,0,0,0,0,0,0,0,0,23,818,4018,0,0,0,0,0,7,11,3,2
2021-07-14,0,5,0,1,0,0,0,0,0,0,0,0,23,819,4023,0,0,0,0,0,7,11,3,2
2021-07-16,1,15,0,3,0,0,0,0,0,0,1,0,24,822,4038,0,0,0,0,0,7,11,4,2
2021-07-17,1,15,0,3,0,0,0,0,0,1,0,0,25,825,4053,0,0,0,0,0,7,12,4,2
2021-07-18,0,5,0,1,0,0,0,0,0,0,0,0,25,826,4058,0,0,0,0,0,7,12,4,2
2021-07-19,0,15,0,3,0,0,0,0,0,0,0,0,25,829,4073,0,0,0,0,0,7,12,4,2
2021-07-20,0,35,0,7,0,0,0,0,0,0,0,0,25,836,4108,0,0,0,0,0,7,12,4,2
2021-07-21,0,10,0,2,0,0,0,0,0,0,0,0,25,838,4118,0,0,0,0,0,7,12,4,2
2021-07-23,0,10,0,2,0,0,0,0,0,0,0,0,25,840,4128,0,0,0,0,0,7,12,4,2
2021-08-09,0,20,0,4,0,0,0,0,0,0,0,0,25,844,4148,0,0,0,0,0,7,12,4,2
2021-08-10,0,20,0,4,0,0,0,0,0,0,0,0,25,848,4168,0,0,0,0,0,7,12,4,2
2021-08-11,0,20,0,4,0,0,0,0,0,0,0,0,25,852,4188,0,0,0,0,0,7,12,4,2
2021-08-12,0,5,0,1,0,0,0,0,0,0,0,0,25,853,4193,0,0,0,0,0,7,12,4,2
2021-08-17,0,10,0,2,0,0,0,0,0,0,0,0,25,855,4203,0,0,0,0,0,7,12,4,2
2021-08-19,0,5,0,1,0,0,0,0,0,0,0,0,25,856,4208,0,0,0,0,0,7,12,4,2
2021-08-20,0,5,0,1,0,0,0,0,0,0,0,0,25,857,4213,0,0,0,0,0,7,12,4,2