date,deaths,death_0_1_month,death_2_month_2_years,death_3_11_years,death_12_17_years,death_18_64_years,death_65_85_years,death_more_than_85_years,death_years_not_specified,reported,severe,injuries,total_deaths,total_reported,total_injuries,total_severe,total_death_0_1_month,total_death_2_month_2_years,total_death_3_11_years,total_death_12_17_years,total_death_18_64_years,total_death_65_85_years,total_death_more_than_85_years,total_death_years_not_specified
2020-12-10,0,0,0,0,0,0,0,0,0,1,0,2,0,1,2,0,0,0,0,0,0,0,0,0
2020-12-11,0,0,0,0,0,0,0,0,0,14,9,40,0,15,42,9,0,0,0,0,0,0,0,0
2020-12-14,0,0,0,0,0,0,0,0,0,107,114,357,0,122,399,123,0,0,0,0,0,0,0,0
2020-12-15,0,0,0,0,0,0,0,0,0,110,118,324,0,232,723,241,0,0,0,0,0,0,0,0
2020-12-16,0,0,0,0,0,0,0,0,0,77,83,277,0,309,1000,324,0,0,0,0,0,0,0,0
2020-12-17,0,0,0,0,0,0,0,0,0,91,151,318,0,400,1318,475,0,0,0,0,0,0,0,0
2020-12-18,0,0,0,0,0,0,0,0,0,99,86,295,0,499,1613,561,0,0,0,0,0,0,0,0
2020-12-21,0,0,0,0,0,0,0,0,0,282,399,943,0,781,2556,960,0,0,0,0,0,0,0,0
2020-12-22,0,0,0,0,0,0,0,0,0,168,215,525,0,949,3081,1175,0,0,0,0,0,0,0,0
2020-12-23,7,0,0,0,0,0,1,0,0,272,358,832,7,1221,3913,1533,0,0,0,0,0,1,0,0
2020-12-24,4,0,0,0,0,0,2,2,0,191,270,563,11,1412,4476,1803,0,0,0,0,0,3,2,0
2020-12-25,5,0,0,0,0,4,0,1,0,219,344,682,16,1631,5158,2147,0,0,0,0,4,3,3,0
2020-12-28,0,0,0,0,0,0,0,0,0,74,131,260,16,1705,5418,2278,0,0,0,0,4,3,3,0
2020-12-29,0,0,0,0,0,0,0,0,0,118,126,353,16,1823,5771,2404,0,0,0,0,4,3,3,0
2020-12-30,1,0,0,0,0,0,0,1,0,402,454,1258,17,2225,7029,2858,0,0,0,0,4,3,4,0
2020-12-31,0,0,0,0,0,0,0,0,0,215,362,714,17,2440,7743,3220,0,0,0,0,4,3,4,0
2021-01-01,1,0,0,0,0,0,1,0,0,515,13,1896,18,2955,9639,3233,0,0,0,0,4,4,4,0
2021-01-02,0,0,0,0,0,0,0,0,0,484,30,1652,18,3439,11291,3263,0,0,0,0,4,4,4,0
2021-01-03,2,0,0,0,0,0,1,1,0,415,3,1547,20,3854,12838,3266,0,0,0,0,4,5,5,0
2021-01-04,15,0,0,0,0,2,8,5,0,1656,251,5739,35,5510,18577,3517,0,0,0,0,6,13,10,0
2021-01-05,16,0,0,0,0,5,3,8,0,2280,119,7733,51,7790,26310,3636,0,0,0,0,11,16,18,0
2021-01-06,9,0,0,0,0,2,3,4,0,2538,161,8563,60,10328,34873,3797,0,0,0,0,13,19,22,0
2021-01-07,23,0,0,0,0,1,9,13,0,3049,242,10718,83,13377,45591,4039,0,0,0,0,14,28,35,0
2021-01-08,20,0,0,0,0,3,12,4,0,3523,313,12024,103,16900,57615,4352,0,0,0,0,17,40,39,0
2021-01-09,2,0,0,0,0,1,1,0,0,1234,14,4358,105,18134,61973,4366,0,0,0,0,18,41,39,0
2021-01-10,4,0,0,0,0,2,2,0,0,1013,6,3736,109,19147,65709,4372,0,0,0,0,20,43,39,0
2021-01-11,23,0,0,0,0,5,7,10,0,2912,524,10167,132,22059,75876,4896,0,0,0,0,25,50,49,0
2021-01-12,26,0,0,0,0,10,6,9,0,3347,530,11295,158,25406,87171,5426,0,0,0,0,35,56,58,0
2021-01-13,31,0,0,0,0,4,11,16,0,3477,801,13720,189,28883,100891,6227,0,0,0,0,39,67,74,0
2021-01-14,24,0,0,0,0,3,13,5,0,3489,747,15954,213,32372,116845,6974,0,0,0,0,42,80,79,0
2021-01-15,23,0,0,0,0,2,10,11,0,1262,833,4935,236,33634,121780,7807,0,0,0,0,44,90,90,0
2021-01-16,8,0,0,0,0,3,3,2,0,950,26,3411,244,34584,125191,7833,0,0,0,0,47,93,92,0
2021-01-17,12,0,0,0,0,1,2,8,0,1103,66,3628,256,35687,128819,7899,0,0,0,0,48,95,100,0
2021-01-18,38,0,0,0,0,2,28,8,0,2846,1142,9814,294,38533,138633,9041,0,0,0,0,50,123,108,0
2021-01-19,56,0,0,0,0,4,28,20,0,3435,1044,11378,350,41968,150011,10085,0,0,0,0,54,151,128,0
2021-01-20,43,0,0,0,0,5,15,23,0,3109,1122,10706,393,45077,160717,11207,0,0,0,0,59,166,151,0
2021-01-21,79,0,0,0,0,6,22,44,0,4101,1280,13883,472,49178,174600,12487,0,0,0,0,65,188,195,0
2021-01-22,67,0,0,0,0,14,17,34,0,5424,1240,17616,539,54602,192216,13727,0,0,0,0,79,205,229,0
2021-01-23,8,0,0,0,0,2,2,4,0,2094,233,8194,547,56696,200410,13960,0,0,0,0,81,207,233,0
2021-01-24,9,0,0,0,0,1,5,3,0,1120,48,5371,556,57816,205781,14008,0,0,0,0,82,212,236,0
2021-01-25,68,0,0,0,0,1,27,30,0,3936,1270,18036,624,61752,223817,15278,0,0,0,0,83,239,266,0
2021-01-26,80,0,0,0,0,6,27,47,0,4847,1539,20895,704,66599,244712,16817,0,0,0,0,89,266,313,0
2021-01-27,70,0,0,0,0,9,29,30,0,4740,1354,20791,774,71339,265503,18171,0,0,0,0,98,295,343,0
2021-01-28,90,0,0,0,0,11,31,48,0,4097,1741,15297,864,75436,280800,19912,0,0,0,0,109,326,391,0
2021-01-29,100,0,0,0,0,6,29,61,0,4946,2362,16609,964,80382,297409,22274,0,0,0,0,115,355,452,0
2021-01-30,20,0,0,0,0,1,7,11,0,2302,424,7908,984,82684,305317,22698,0,0,0,0,116,362,463,0
2021-01-31,6,0,0,0,0,1,2,3,0,1540,102,5517,990,84224,310834,22800,0,0,0,0,117,364,466,0
2021-02-01,113,0,0,0,0,12,43,52,0,4369,3049,15917,1103,88593,326751,25849,0,0,0,0,129,407,518,0
2021-02-02,69,0,0,0,0,6,24,35,0,5224,4200,22233,1172,93817,348984,30049,0,0,0,0,135,431,553,0
2021-02-03,81,0,0,0,0,7,43,31,0,4411,3477,18868,1253,98228,367852,33526,0,0,0,0,142,474,584,0
2021-02-04,72,0,0,0,0,6,27,35,0,5725,2990,24234,1325,103953,392086,36516,0,0,0,0,148,501,619,0
2021-02-05,92,0,0,0,0,6,40,42,0,4946,2122,21109,1417,108899,413195,38638,0,0,0,0,154,541,661,0
2021-02-06,14,0,0,0,0,0,7,7,0,2742,395,11751,1431,111641,424946,39033,0,0,0,0,154,548,668,0
2021-02-07,8,0,0,0,0,1,3,3,0,1891,474,8403,1439,113532,433349,39507,0,0,0,0,155,551,671,0
2021-02-08,131,0,0,0,0,7,47,75,0,4626,3988,20766,1570,118158,454115,43495,0,0,0,0,162,598,746,0
2021-02-09,115,0,0,0,0,9,45,54,0,5140,3466,21058,1685,123298,475173,46961,0,0,0,0,171,643,800,0
2021-02-10,146,0,0,0,0,19,52,70,0,4655,2907,16889,1831,127953,492062,49868,0,0,0,0,190,695,870,0
2021-02-11,163,0,0,0,0,11,59,87,0,4647,2904,18408,1994,132600,510470,52772,0,0,0,0,201,754,957,0
2021-02-12,109,0,0,0,0,5,35,67,0,5487,3170,21798,2103,138087,532268,55942,0,0,0,0,206,789,1024,0
2021-02-13,49,0,0,0,0,3,17,28,0,3309,998,12878,2152,141396,545146,56940,0,0,0,0,209,806,1052,0
2021-02-14,21,0,0,0,0,2,14,5,0,1909,1363,8826,2173,143305,553972,58303,0,0,0,0,211,820,1057,0
2021-02-15,100,0,0,0,0,15,34,40,0,3407,3181,14979,2273,146712,568951,61484,0,0,0,0,226,854,1097,0
2021-02-16,168,0,0,0,0,26,73,68,0,4488,3628,18157,2441,151200,587108,65112,0,0,0,0,252,927,1165,0
2021-02-17,144,0,0,0,0,11,74,51,0,4229,3866,17774,2585,155429,604882,68978,0,0,0,0,263,1001,1216,0
2021-02-18,103,0,0,0,0,20,54,21,0,4802,4530,20914,2688,160231,625796,73508,0,0,0,0,283,1055,1237,0
2021-02-19,112,0,0,0,0,8,34,68,0,5307,4566,21011,2800,165538,646807,78074,0,0,0,0,291,1089,1305,0
2021-02-20,43,0,0,0,0,7,14,22,0,2761,1849,11434,2843,168299,658241,79923,0,0,0,0,298,1103,1327,0
2021-02-21,10,0,0,0,0,2,2,6,0,1316,156,6331,2853,169615,664572,80079,0,0,0,0,300,1105,1333,0
2021-02-22,117,0,0,0,0,11,41,59,1,4346,4630,19702,2970,173961,684274,84709,0,0,0,0,311,1146,1392,1
2021-02-23,130,0,0,0,0,11,45,71,0,4357,5441,18415,3100,178318,702689,90150,0,0,0,0,322,1191,1463,1
2021-02-24,232,0,0,0,0,20,128,82,0,4617,6122,20132,3332,182935,722821,96272,0,0,0,0,342,1319,1545,1
2021-02-25,101,0,0,0,0,5,56,35,0,4394,5566,19674,3433,187329,742495,101838,0,0,0,0,347,1375,1580,1
2021-02-26,111,0,0,0,0,9,22,74,0,4336,4549,18606,3544,191665,761101,106387,0,0,0,0,356,1397,1654,1
2021-02-27,100,0,0,0,0,13,22,63,0,4121,2802,13104,3644,195786,774205,109189,0,0,0,0,369,1419,1717,1
2021-02-28,27,0,0,0,0,1,11,14,0,1994,574,9161,3671,197780,783366,109763,0,0,0,0,370,1430,1731,1
2021-03-01,98,0,0,0,0,14,41,42,0,6391,6297,27917,3769,204171,811283,116060,0,0,0,0,384,1471,1773,1
2021-03-02,183,0,0,0,0,25,96,57,0,4869,6559,20331,3952,209040,831614,122619,0,0,0,0,409,1567,1830,1
2021-03-03,211,0,0,0,0,34,92,74,0,5909,8054,25483,4163,214949,857097,130673,0,0,0,0,443,1659,1904,1
2021-03-04,145,0,0,0,0,15,63,51,0,5403,8035,24087,4308,220352,881184,138708,0,0,0,0,458,1722,1955,1
2021-03-05,206,0,0,0,0,22,80,94,0,5768,3127,26328,4514,226120,907512,141835,0,0,0,0,480,1802,2049,1
2021-03-06,107,0,0,0,0,3,44,55,0,20683,61049,88207,4621,246803,995719,202884,0,0,0,0,483,1846,2104,1
2021-03-07,16,0,0,0,0,6,4,5,0,10999,38705,49665,4637,257802,1045384,241589,0,0,0,0,489,1850,2109,1
2021-03-08,189,0,0,0,0,23,78,75,0,5878,3795,26638,4826,263680,1072022,245384,0,0,0,0,512,1928,2184,1
2021-03-09,174,0,0,0,0,35,68,68,0,7261,5213,27177,5000,270941,1099199,250597,0,0,0,0,547,1996,2252,1
2021-03-10,111,0,0,0,0,15,70,25,0,7085,3810,30564,5111,278026,1129763,254407,0,0,0,0,562,2066,2277,1
2021-03-11,181,0,0,0,0,55,65,60,0,6067,3978,26082,5292,284093,1155845,258385,0,0,0,0,617,2131,2337,1
2021-03-12,86,0,0,0,0,8,47,26,0,4074,2703,18527,5378,288167,1174372,261088,0,0,0,0,625,2178,2363,1
2021-03-13,29,0,0,0,0,8,16,5,0,6300,12273,28643,5407,294467,1203015,273361,0,0,0,0,633,2194,2368,1
2021-03-14,36,0,0,0,0,7,16,13,0,9195,29484,41872,5443,303662,1244887,302845,0,0,0,0,640,2210,2381,1
2021-03-15,113,0,0,0,0,5,48,54,0,5095,2685,24157,5556,308757,1269044,305530,0,0,0,0,645,2258,2435,1
2021-03-16,185,0,0,0,0,30,63,80,0,5864,4315,26048,5741,314621,1295092,309845,0,0,0,0,675,2321,2515,1
2021-03-17,196,0,0,0,0,16,85,86,0,12703,26843,52789,5937,327324,1347881,336688,0,0,0,0,691,2406,2601,1
2021-03-18,191,0,0,0,0,17,73,88,0,5147,3141,23194,6128,332471,1371075,339829,0,0,0,0,708,2479,2689,1
2021-03-19,179,0,0,0,0,53,64,52,0,7389,4746,33125,6307,339860,1404200,344575,0,0,0,0,761,2543,2741,1
2021-03-20,145,0,0,0,0,49,58,30,0,15838,52233,71233,6452,355698,1475433,396808,0,0,0,0,810,2601,2771,1
2021-03-21,10,0,0,0,0,0,8,1,0,2919,514,15410,6462,358617,1490843,397322,0,0,0,0,810,2609,2772,1
2021-03-22,189,0,0,0,0,18,89,77,0,5776,3930,29105,6651,364393,1519948,401252,0,0,0,0,828,2698,2849,1
2021-03-23,267,0,0,0,0,33,120,103,0,8497,5612,36226,6918,372890,1556174,406864,0,0,0,0,861,2818,2952,1
2021-03-24,224,0,0,0,0,37,101,84,0,6494,4131,28906,7142,379384,1585080,410995,0,0,0,0,898,2919,3036,1
2021-03-25,161,0,0,0,0,29,77,48,0,6672,4023,31173,7303,386056,1616253,415018,0,0,0,0,927,2996,3084,1
2021-03-26,140,0,0,0,0,30,59,48,0,5772,3455,28755,7443,391828,1645008,418473,0,0,0,0,957,3055,3132,1
2021-03-27,155,0,0,0,0,16,90,37,0,17540,66168,79121,7598,409368,1724129,484641,0,0,0,0,973,3145,3169,1
2021-03-28,31,0,0,0,0,3,11,16,0,3213,448,16781,7629,412581,1740910,485089,0,0,0,0,976,3156,3185,1
2021-03-29,245,0,0,0,0,18,115,104,0,7048,4360,31557,7874,419629,1772467,489449,0,0,0,0,994,3271,3289,1
2021-03-30,260,0,0,0,0,40,93,116,0,7007,4894,30348,8134,426636,1802815,494343,0,0,0,0,1034,3364,3405,1
2021-03-31,251,0,0,0,0,44,110,87,0,7327,4638,32043,8385,433963,1834858,498981,0,0,0,0,1078,3474,3492,1
2021-04-01,215,0,0,0,0,49,88,64,0,6276,3977,29651,8600,440239,1864509,502958,0,0,0,0,1127,3562,3556,1
2021-04-02,169,0,0,0,0,39,72,52,0,6075,3769,25584,8769,446314,1890093,506727,0,0,0,0,1166,3634,3608,1
2021-04-03,175,0,0,0,0,95,49,23,0,14432,47042,63457,8944,460746,1953550,553769,0,0,0,0,1261,3683,3631,1
2021-04-04,7,1,0,0,0,1,4,0,0,1780,176,8437,8951,462526,1961987,553945,1,0,0,0,1262,3687,3631,1
2021-04-05,130,0,0,0,0,24,61,42,0,3558,2613,18552,9081,466084,1980539,556558,1,0,0,0,1286,3748,3673,1
2021-04-06,207,0,0,0,0,56,81,67,0,6050,3281,29255,9288,472134,2009794,559839,1,0,0,0,1342,3829,3740,1
2021-04-07,273,0,0,0,0,40,116,99,0,12981,4346,64540,9561,485115,2074334,564185,1,0,0,0,1382,3945,3839,1
2021-04-08,314,0,0,0,0,37,148,60,0,7123,4588,32053,9875,492238,2106387,568773,1,0,0,0,1419,4093,3899,1
2021-04-09,219,0,0,0,1,26,70,84,0,7313,4148,32924,10094,499551,2139311,572921,1,0,0,1,1445,4163,3983,1
2021-04-10,146,0,0,0,0,36,39,45,0,12571,33111,54654,10240,512122,2193965,606032,1,0,0,1,1481,4202,4028,1
2021-04-11,19,0,0,0,0,4,8,2,0,3251,532,16040,10259,515373,2210005,606564,1,0,0,1,1485,4210,4030,1
2021-04-12,201,0,0,0,1,40,75,74,0,6623,3803,30515,10460,521996,2240520,610367,1,0,0,2,1525,4285,4104,1
2021-04-13,296,0,0,0,0,42,108,126,0,6926,5177,31562,10756,528922,2272082,615544,1,0,0,2,1567,4393,4230,1
2021-04-14,242,0,0,0,0,54,115,67,0,8587,4560,39565,10998,537509,2311647,620104,1,0,0,2,1621,4508,4297,1
2021-04-15,248,0,0,0,0,76,104,62,0,7024,3668,31694,11246,544533,2343341,623772,1,0,0,2,1697,4612,4359,1
2021-04-16,157,0,0,0,0,29,69,49,0,7935,3563,36824,11403,552468,2380165,627335,1,0,0,2,1726,4681,4408,1
2021-04-17,258,0,0,0,0,83,99,59,1,11913,33483,51919,11661,564381,2432084,660818,1,0,0,2,1809,4780,4467,2
2021-04-18,29,0,0,0,1,8,10,3,0,3684,372,18706,11690,568065,2450790,661190,1,0,0,3,1817,4790,4470,2
2021-04-19,186,0,0,0,0,47,82,44,0,6678,3838,29421,11876,574743,2480211,665028,1,0,0,3,1864,4872,4514,2
2021-04-20,159,0,0,0,0,31,49,52,0,6306,4848,27595,12035,581049,2507806,669876,1,0,0,3,1895,4921,4566,2
2021-04-21,172,0,0,0,0,59,74,35,0,5309,4682,21353,12207,586358,2529159,674558,1,0,0,3,1954,4995,4601,2
2021-04-22,346,0,0,0,2,67,155,109,0,7527,4629,33002,12553,593885,2562161,679187,1,0,0,5,2021,5150,4710,2
2021-04-23,212,0,0,0,0,55,116,29,0,6853,4515,30726,12765,600738,2592887,683702,1,0,0,5,2076,5266,4739,2
2021-04-24,221,0,0,0,0,131,65,7,0,9652,21113,43675,12986,610390,2636562,704815,1,0,0,5,2207,5331,4746,2
2021-04-25,50,0,0,0,0,8,11,12,0,4198,649,21158,13036,614588,2657720,705464,1,0,0,5,2215,5342,4758,2
2021-04-26,280,0,0,0,0,65,92,116,0,6288,5728,28225,13316,620876,2685945,711192,1,0,0,5,2280,5434,4874,2
2021-04-27,168,0,1,0,0,56,56,52,0,7420,5230,32363,13484,628296,2718308,716422,1,1,0,5,2336,5490,4926,2
2021-04-28,248,0,0,0,0,59,114,69,0,6668,5491,28766,13732,634964,2747074,721913,1,1,0,5,2395,5604,4995,2
2021-04-29,323,0,0,0,0,102,132,77,0,3459,4550,13538,14055,638423,2760612,726463,1,1,0,5,2497,5736,5072,2
2021-04-30,306,0,0,0,1,56,144,86,0,4102,5229,17026,14361,642525,2777638,731692,1,1,0,6,2553,5880,5158,2
2021-05-01,72,0,0,0,0,8,39,14,0,4633,946,22338,14433,647158,2799976,732638,1,1,0,6,2561,5919,5172,2
2021-05-02,19,0,0,0,0,8,6,2,0,2450,112,12578,14452,649608,2812554,732750,1,1,0,6,2569,5925,5174,2
2021-05-03,379,0,0,0,0,91,192,81,0,5531,4460,24080,14831,655139,2836634,737210,1,1,0,6,2660,6117,5255,2
2021-05-04,188,0,0,0,0,40,87,40,0,5898,4909,25478,15019,661037,2862112,742119,1,1,0,6,2700,6204,5295,2
2021-05-05,265,0,0,0,0,74,125,54,0,7341,5975,31795,15284,668378,2893907,748094,1,1,0,6,2774,6329,5349,2
2021-05-06,230,0,0,0,2,57,119,47,0,6341,6673,27608,15514,674719,2921515,754767,1,1,0,8,2831,6448,5396,2
2021-05-07,265,0,0,0,0,59,136,62,0,6080,5610,25946,15779,680799,2947461,760377,1,1,0,8,2890,6584,5458,2
2021-05-08,162,0,0,0,0,82,48,29,0,8002,19407,34811,15941,688801,2982272,779784,1,1,0,8,2972,6632,5487,2
2021-05-09,2,0,0,0,0,2,0,0,0,1672,267,8247,15943,690473,2990519,780051,1,1,0,8,2974,6632,5487,2
2021-05-10,281,0,0,0,0,95,120,58,0,6013,6077,25618,16224,696486,3016137,786128,1,1,0,8,3069,6752,5545,2
2021-05-11,323,1,0,0,0,108,136,66,0,5189,6420,20170,16547,701675,3036307,792548,2,1,0,8,3177,6888,5611,2
2021-05-12,186,0,0,0,0,62,95,27,0,4541,5597,16052,16733,706216,3052359,798145,2,1,0,8,3239,6983,5638,2
2021-05-13,149,0,0,0,0,31,89,24,0,3902,3849,16955,16882,710118,3069314,801994,2,1,0,8,3270,7072,5662,2
2021-05-14,224,0,0,0,0,43,114,52,0,6359,4150,28173,17106,716477,3097487,806144,2,1,0,8,3313,7186,5714,2
2021-05-15,228,0,0,0,0,112,85,10,0,9113,26770,38952,17334,725590,3136439,832914,2,1,0,8,3425,7271,5724,2
2021-05-16,10,0,0,0,0,6,4,0,0,1960,651,9248,17344,727550,3145687,833565,2,1,0,8,3431,7275,5724,2
2021-05-17,220,0,0,0,0,35,136,37,0,6023,6134,23839,17564,733573,3169526,839699,2,1,0,8,3466,7411,5761,2
2021-05-18,209,0,0,0,0,46,118,44,0,7412,5971,30465,17773,740985,3199991,845670,2,1,0,8,3512,7529,5805,2
2021-05-19,182,0,0,0,0,62,80,29,0,7153,5965,29424,17955,748138,3229415,851635,2,1,0,8,3574,7609,5834,2
2021-05-20,300,0,0,0,0,64,180,41,0,7474,7699,32383,18255,755612,3261798,859334,2,1,0,8,3638,7789,5875,2
2021-05-21,227,0,0,0,0,51,105,57,0,7163,6984,29063,18482,762775,3290861,866318,2,1,0,8,3689,7894,5932,2
2021-05-22,127,0,0,0,0,66,30,17,0,8474,22231,34455,18609,771249,3325316,888549,2,1,0,8,3755,7924,5949,2
2021-05-23,13,0,0,0,0,0,8,5,0,1678,397,7997,18622,772927,3333313,888946,2,1,0,8,3755,7932,5954,2
2021-05-24,75,0,0,0,0,15,31,25,0,4408,3663,19430,18697,777335,3352743,892609,2,1,0,8,3770,7963,5979,2
2021-05-25,159,0,0,0,0,36,73,39,0,4193,9053,17969,18856,781528,3370712,901662,2,1,0,8,3806,8036,6018,2
2021-05-26,322,0,0,0,0,69,150,95,0,6225,7558,23251,19178,787753,3393963,909220,2,1,0,8,3875,8186,6113,2
2021-05-27,417,0,0,0,0,101,245,67,0,5180,7902,19211,19595,792933,3413174,917122,2,1,0,8,3976,8431,6180,2
2021-05-28,197,2,0,0,0,47,100,43,0,5393,8343,21184,19792,798326,3434358,925465,4,1,0,8,4023,8531,6223,2
2021-05-29,136,0,0,0,0,42,49,37,0,7944,20171,32247,19928,806270,3466605,945636,4,1,0,8,4065,8580,6260,2
2021-05-30,19,0,0,0,0,13,3,3,0,1295,233,6184,19947,807565,3472789,945869,4,1,0,8,4078,8583,6263,2
2021-05-31,164,0,0,0,0,58,63,38,0,5629,6543,22710,20111,813194,3495499,952412,4,1,0,8,4136,8646,6301,2
2021-06-01,259,0,0,0,0,91,67,75,0,6661,6384,27854,20370,819855,3523353,958796,4,1,0,8,4227,8713,6376,2
2021-06-02,310,0,0,0,0,100,92,102,4,7637,7022,31762,20680,827492,3555115,965818,4,1,0,8,4327,8805,6478,6
2021-06-03,126,0,0,0,0,27,83,13,0,5881,5480,24798,20806,833373,3579913,971298,4,1,0,8,4354,8888,6491,6
2021-06-04,351,0,0,0,0,125,130,70,0,12442,26870,50428,21157,845815,3630341,998168,4,1,0,8,4479,9018,6561,6
2021-06-05,95,0,0,0,0,47,30,15,0,5610,14745,20937,21252,851425,3651278,1012913,4,1,0,8,4526,9048,6576,6
2021-06-06,9,0,0,0,0,4,4,1,0,1225,332,5806,21261,852650,3657084,1013245,4,1,0,8,4530,9052,6577,6
2021-06-07,186,0,0,0,0,50,122,14,0,6498,5820,26030,21447,859148,3683114,1019065,4,1,0,8,4580,9174,6591,6
2021-06-08,361,0,0,0,1,128,149,76,0,7657,7562,30262,21808,866805,3713376,1026627,4,1,0,9,4708,9323,6667,6
2021-06-09,243,0,2,0,1,65,145,26,0,7209,7728,29291,22051,874014,3742667,1034355,4,3,0,10,4773,9468,6693,6
2021-06-10,260,0,0,0,1,101,116,37,0,5709,6269,22110,22311,879723,3764777,1040624,4,3,0,11,4874,9584,6730,6
2021-06-11,108,0,0,0,0,29,57,19,0,5284,6182,20518,22419,885007,3785295,1046806,4,3,0,11,4903,9641,6749,6
2021-06-12,149,0,0,0,0,53,72,11,0,4907,13128,17478,22568,889914,3802773,1059934,4,3,0,11,4956,9713,6760,6
2021-06-13,7,0,0,0,0,3,2,0,0,1089,1053,4687,22575,891003,3807460,1060987,4,3,0,11,4959,9715,6760,6
2021-06-14,138,5,0,0,0,68,50,12,0,4988,6059,18915,22713,895991,3826375,1067046,9,3,0,11,5027,9765,6772,6
2021-06-15,149,0,0,0,0,53,41,51,0,4825,5039,17809,22862,900816,3844184,1072085,9,3,0,11,5080,9806,6823,6
2021-06-16,140,0,0,0,0,66,47,21,0,4761,4923,16911,23002,905577,3861095,1077008,9,3,0,11,5146,9853,6844,6
2021-06-17,154,0,0,0,0,40,92,17,0,4833,5814,18067,23156,910410,3879162,1082822,9,3,0,11,5186,9945,6861,6
2021-06-18,184,0,0,0,0,61,88,25,0,6568,6523,25709,23340,916978,3904871,1089345,9,3,0,11,5247,10033,6886,6
2021-06-19,153,0,0,0,0,24,80,22,0,5250,11865,20995,23493,922228,3925866,1101210,9,3,0,11,5271,10113,6908,6
2021-06-20,25,0,0,0,0,8,13,4,0,1285,607,5930,23518,923513,3931796,1101817,9,3,0,11,5279,10126,6912,6
2021-06-21,250,0,0,0,0,61,121,56,0,6981,9305,27835,23768,930494,3959631,1111122,9,3,0,11,5340,10247,6968,6
2021-06-22,202,0,0,0,0,36,104,41,0,6311,7843,24960,23970,936805,3984591,1118965,9,3,0,11,5376,10351,7009,6
2021-06-23,194,0,0,0,2,50,73,54,0,5973,6909,24109,24164,942778,4008700,1125874,9,3,0,13,5426,10424,7063,6
2021-06-24,278,0,0,0,1,105,92,43,0,7381,9260,30342,24442,950159,4039042,1135134,9,3,0,14,5531,10516,7106,6
2021-06-25,278,0,0,0,0,87,127,52,0,7517,8221,30513,24720,957676,4069555,1143355,9,3,0,14,5618,10643,7158,6
2021-06-26,166,0,0,0,0,39,77,39,0,6676,15957,22885,24886,964352,4092440,1159312,9,3,0,14,5657,10720,7197,6
2021-06-27,36,0,0,0,0,25,11,0,0,1354,961,6070,24922,965706,4098510,1160273,9,3,0,14,5682,10731,7197,6
2021-06-28,281,0,0,0,1,102,119,43,0,6601,10435,26386,25203,972307,4124896,1170708,9,3,0,15,5784,10850,7240,6
2021-06-29,269,0,0,0,0,87,105,64,0,5854,7570,22572,25472,978161,4147468,1178278,9,3,0,15,5871,10955,7304,6
2021-06-30,201,2,2,0,0,54,91,50,0,5813,7628,20865,25673,983974,4168333,1185906,11,5,0,15,5925,11046,7354,6
2021-07-01,267,0,0,0,0,62,132,43,0,6379,6869,22827,25940,990353,4191160,1192775,11,5,0,15,5987,11178,7397,6
2021-07-02,229,0,0,0,0,80,100,48,0,5437,6930,20290,26169,995790,4211450,1199705,11,5,0,15,6067,11278,7445,6
2021-07-03,96,0,0,0,0,61,12,11,0,4095,11123,13887,26265,999885,4225337,1210828,11,5,0,15,6128,11290,7456,6
2021-07-04,31,0,0,0,0,7,24,0,0,727,335,3248,26296,1000612,4228585,1211163,11,5,0,15,6135,11314,7456,6
2021-07-05,96,0,0,0,0,33,37,26,0,7021,7790,26834,26392,1007633,4255419,1218953,11,5,0,15,6168,11351,7482,6
2021-07-06,148,0,0,0,0,40,69,35,0,5049,7747,19424,26540,1012682,4274843,1226700,11,5,0,15,6208,11420,7517,6
2021-07-07,144,0,0,0,0,47,61,27,0,5239,7278,19611,26684,1017921,4294454,1233978,11,5,0,15,6255,11481,7544,6
2021-07-08,237,0,0,0,3,62,125,38,0,5386,8750,20414,26921,1023307,4314868,1242728,11,5,0,18,6317,11606,7582,6
2021-07-09,207,2,0,0,1,73,94,29,0,5115,9756,20161,27128,1028422,4335029,1252484,13,5,0,19,6390,11700,7611,6
2021-07-10,71,0,0,0,0,25,33,10,0,3761,8803,14942,27199,1032183,4349971,1261287,13,5,0,19,6415,11733,7621,6
2021-07-11,0,0,0,0,0,0,0,0,0,698,182,2998,27199,1032881,4352969,1261469,13,5,0,19,6415,11733,7621,6
2021-07-12,264,3,0,0,0,77,147,32,0,5224,9001,19176,27463,1038105,4372145,1270470,16,5,0,19,6492,11880,7653,6
2021-07-13,256,0,0,0,0,64,152,35,0,4872,7766,19033,27719,1042977,4391178,1278236,16,5,0,19,6556,12032,7688,6
2021-07-14,155,0,0,0,0,32,86,31,0,5062,6818,21362,27874,1048039,4412540,1285054,16,5,0,19,6588,12118,7719,6
2021-07-15,216,0,0,0,1,28,115,56,0,5263,9074,21903,28090,1053302,4434443,1294128,16,5,0,20,6616,12233,7775,6
2021-07-16,366,0,0,0,0,79,179,100,0,4738,7433,19841,28456,1058040,4454284,1301561,16,5,0,20,6695,12412,7875,6
2021-07-17,174,0,0,0,0,85,68,12,0,4060,8835,16500,28630,1062100,4470784,1310396,16,5,0,20,6780,12480,7887,6
2021-07-18,26,0,0,0,0,5,8,4,0,2738,189,13381,28656,1064838,4484165,1310585,16,5,0,20,6785,12488,7891,6
2021-07-19,349,0,0,0,0,110,124,91,0,5131,6494,20338,29005,1069969,4504503,1317079,16,5,0,20,6895,12612,7982,6
2021-07-20,253,0,0,0,0,84,105,62,0,8629,9070,30405,29258,1078598,4534908,1326149,16,5,0,20,6979,12717,8044,6
2021-07-21,164,0,0,0,0,62,79,17,0,5765,7774,23172,29422,1084363,4558080,1333923,16,5,0,20,7041,12796,8061,6
2021-07-22,291,0,0,0,0,69,122,90,0,5888,8987,25614,29713,1090251,4583694,1342910,16,5,0,20,7110,12918,8151,6
2021-07-23,190,0,0,0,1,92,56,35,0,5386,8204,21680,29903,1095637,4605374,1351114,16,5,0,21,7202,12974,8186,6
2021-07-24,148,0,0,0,0,50,63,16,0,2182,6870,7802,30051,1097819,4613176,1357984,16,5,0,21,7252,13037,8202,6
2021-07-25,12,0,0,0,0,0,12,0,0,1500,762,7263,30063,1099319,4620439,1358746,16,5,0,21,7252,13049,8202,6
2021-07-26,126,0,0,0,0,44,37,38,0,3859,7756,14615,30189,1103178,4635054,1366502,16,5,0,21,7296,13086,8240,6
2021-07-27,119,0,0,0,0,33,59,18,0,3938,7171,14617,30308,1107116,4649671,1373673,16,5,0,21,7329,13145,8258,6
2021-07-28,320,0,0,0,0,98,144,51,0,12205,15597,45039,30628,1119321,4694710,1389270,16,5,0,21,7427,13289,8309,6
2021-07-29,256,0,0,0,1,80,108,49,0,4657,10086,17054,30884,1123978,4711764,1399356,16,5,0,22,7507,13397,8358,6
2021-07-30,150,0,0,0,0,43,75,32,0,4377,8449,16150,31034,1128355,4727914,1407805,16,5,0,22,7550,13472,8390,6
2021-07-31,171,0,0,0,0,68,68,33,0,1787,5789,6373,31205,1130142,4734287,1413594,16,5,0,22,7618,13540,8423,6
2021-08-01,0,0,0,0,0,0,0,0,0,354,210,1627,31205,1130496,4735914,1413804,16,5,0,22,7618,13540,8423,6
2021-08-02,226,0,0,0,0,52,99,64,0,4545,8127,16841,31431,1135041,4752755,1421931,16,5,0,22,7670,13639,8487,6
2021-08-03,284,0,0,0,0,24,133,117,0,4727,8265,17075,31715,1139768,4769830,1430196,16,5,0,22,7694,13772,8604,6
2021-08-04,203,0,0,0,0,53,93,50,0,4640,7326,16855,31918,1144408,4786685,1437522,16,5,0,22,7747,13865,8654,6
2021-08-05,298,0,0,0,0,45,158,88,0,4388,7486,15925,32216,1148796,4802610,1445008,16,5,0,22,7792,14023,8742,6
2021-08-06,278,0,0,0,0,56,153,46,0,4216,7282,15381,32494,1153012,4817991,1452290,16,5,0,22,7848,14176,8788,6
2021-08-07,103,0,0,0,0,32,42,11,0,1733,5466,6274,32597,1154745,4824265,1457756,16,5,0,22,7880,14218,8799,6
2021-08-08,10,0,0,0,0,3,7,0,0,425,283,1820,32607,1155170,4826085,1458039,16,5,0,22,7883,14225,8799,6
2021-08-09,241,2,0,0,0,84,115,34,0,5974,6503,24047,32848,1161144,4850132,1464542,18,5,0,22,7967,14340,8833,6
2021-08-10,138,0,0,0,0,97,22,14,0,6727,6859,25884,32986,1167871,4876016,1471401,18,5,0,22,8064,14362,8847,6
2021-08-11,161,0,0,0,0,64,67,23,0,8417,6439,35049,33147,1176288,4911065,1477840,18,5,0,22,8128,14429,8870,6
2021-08-12,300,0,0,0,1,89,159,46,0,7974,7612,31955,33447,1184262,4943020,1485452,18,5,0,23,8217,14588,8916,6
2021-08-13,280,0,0,0,0,106,123,45,0,5139,8336,18700,33727,1189401,4961720,1493788,18,5,0,23,8323,14711,8961,6
2021-08-14,118,0,0,0,0,38,48,29,1,1638,4840,5836,33845,1191039,4967556,1498628,18,5,0,23,8361,14759,8990,7
2021-08-15,0,0,0,0,0,0,0,0,0,469,224,1792,33845,1191508,4969348,1498852,18,5,0,23,8361,14759,8990,7
2021-08-16,288,0,0,0,0,100,120,43,0,6190,7194,25032,34133,1197698,4994380,1506046,18,5,0,23,8461,14879,9033,7
2021-08-17,358,0,0,0,0,167,123,60,0,6212,7666,24154,34491,1203910,5018534,1513712,18,5,0,23,8628,15002,9093,7
2021-08-18,300,0,0,0,0,75,144,70,0,6557,8295,25211,34791,1210467,5043745,1522007,18,5,0,23,8703,15146,9163,7
2021-08-19,279,0,0,0,1,94,93,83,0,5267,10411,19385,35070,1215734,5063130,1532418,18,5,0,24,8797,15239,9246,7
2021-08-20,265,3,0,0,7,99,109,37,0,4213,8045,15523,35335,1219947,5078653,1540463,21,5,0,31,8896,15348,9283,7
2021-08-21,94,0,0,0,0,52,40,0,0,1294,3146,4625,35429,1221241,5083278,1543609,21,5,0,31,8948,15388,9283,7
2021-08-22,3,0,0,0,0,0,3,0,0,509,286,2320,35432,1221750,5085598,1543895,21,5,0,31,8948,15391,9283,7
2021-08-23,107,0,0,0,0,33,53,15,0,4717,7499,16369,35539,1226467,5101967,1551394,21,5,0,31,8981,15444,9298,7
2021-08-24,305,0,0,0,0,118,134,47,0,5856,9933,21335,35844,1232323,5123302,1561327,21,5,0,31,9099,15578,9345,7
2021-08-25,366,4,0,0,2,81,178,93,0,5320,11215,19515,36210,1237643,5142817,1572542,25,5,0,33,9180,15756,9438,7
2021-08-26,264,0,9,0,0,70,101,75,0,5130,9398,18328,36474,1242773,5161145,1581940,25,14,0,33,9250,15857,9513,7
2021-08-27,264,0,0,0,3,77,117,59,0,4742,8793,16180,36738,1247515,5177325,1590733,25,14,0,36,9327,15974,9572,7
2021-08-28,41,0,0,0,0,15,20,6,0,845,1186,2798,36779,1248360,5180123,1591919,25,14,0,36,9342,15994,9578,7
2021-08-29,5,0,0,0,0,1,4,0,0,570,564,2246,36784,1248930,5182369,1592483,25,14,0,36,9343,15998,9578,7
2021-08-30,376,0,0,0,0,127,177,58,0,4586,8092,15760,37160,1253516,5198129,1600575,25,14,0,36,9470,16175,9636,7
2021-08-31,193,0,0,0,0,58,92,39,0,4804,8611,17214,37353,1258320,5215343,1609186,25,14,0,36,9528,16267,9675,7
2021-09-01,418,0,0,0,1,157,169,84,0,5887,12949,22372,37771,1264207,5237715,1622135,25,14,0,37,9685,16436,9759,7
2021-09-02,181,0,0,0,1,68,75,24,0,6769,13235,25348,37952,1270976,5263063,1635370,25,14,0,38,9753,16511,9783,7
2021-09-03,196,0,0,0,0,85,72,28,0,4454,6377,17111,38148,1275430,5280174,1641747,25,14,0,38,9838,16583,9811,7